BubbleSort
100	136136	86320	152210	
1000	3749879	737503	2253551	
10000	149560610	20701828	27214899	
SelectSort
100	162648	138096	120474	
1000	3339684	2296727	908665	
10000	77944782	24351420	31749729	
DirectInsertion
100	13264	3739	4040	
1000	781030	295523	278237	
10000	88632230	24578948	35022195	
QuickSort
100	47015	98845	73639	
1000	238818	1327761	1556413	
10000	1214372	39494878	24213045	
MergeSort
100	138103	157399	86536	
1000	4601685	4565507	5612013	
10000	55290600	45649541	150664482	
BusquedaLineal
100	10978	2572	1764	
1000	15375	16204	13911	
10000	131428	131651	131119	
BusquedaBinaria
100	239434	9165	14927	
1000	278822	32333	44059	
10000	2752523	313012	419392	
